-4.8    27.499   0.145
-4.6    32.666   0.155
-4.4    35.448   0.159
-4.2    36.031   0.152
-4    47.149   0.150
-3.8    41.617   0.199
-3.6    37.047   0.143
-3.4    26.738   0.157
-3.2    14.989   0.276
-3    16.007   0.224
-2.8    7.105   0.258
-2.6    355.579   0.231
-2.4    347.503   0.233
-2.2    343.547   0.251
-2    328.987   0.263
-1.8    337.309   0.340
-1.6    339.777   0.435
-1.4    336.208   0.477
-1.2    338.936   0.626
-1    339.590   0.681
-0.8    331.292   0.630
-0.6    337.257   0.632
-0.4    336.017   0.586
-0.2    333.942   0.517
0    329.602   0.513
0.2    329.769   0.482
0.4    328.160   0.549
0.6    330.822   0.517
0.8    326.620   0.692
1    327.130   0.719
1.2    320.537   0.649
1.4    318.865   0.782
1.6    320.411   0.746
1.8    316.357   0.837
2    319.836   0.752
2.2    317.469   0.814
2.4    319.407   0.777
2.6    318.270   0.721
2.8    318.118   0.729
3    317.585   0.668
3.2    317.650   0.671
3.4    320.030   0.655
3.6    322.072   0.672
3.8    322.522   0.635
4    326.256   0.663
4.2    326.400   0.670
4.4    327.439   0.645
4.6    327.740   0.650
4.8    328.575   0.635
5    329.210   0.637
5.2    332.105   0.602
5.4    337.897   0.628
5.6    340.089   0.662
5.8    348.293   0.671
6    347.530   0.642
6.2    351.283   0.606
6.4    343.883   0.500
6.6    340.911   0.398
6.8    334.119   0.345
7    326.724   0.321
7.2    326.960   0.285
7.4    326.537   0.282
7.6    332.142   0.238
7.8    336.812   0.184
8    347.140   0.112
8.2    7.256   0.078
8.4    29.808   0.057
8.6    65.643   0.071
8.8    36.987   0.154
9    31.246   0.242
9.2    20.723   0.385
9.4    29.282   0.502
9.6    19.400   0.637
9.8    22.642   0.709
